140.0  125.0  9.0  0.008  0.006  0.278  0.063  0.667  0.311  6.185  7.333  7.667  3.556  3.444  4.444  -7.889  7.778  0.546  -1.122  
188.0  133.0  9.0  0.008  0.006  0.333  0.267  0.5  0.078  6.667  8.333  7.778  3.889  5.0  3.333  -8.333  8.444  0.539  -0.925  
105.0  139.0  9.0  0.008  0.006  0.278  0.107  0.833  0.522  6.111  7.556  7.222  3.556  4.333  3.333  -7.667  7.556  0.533  -0.966  
34.0  137.0  9.0  0.008  0.006  0.5  0.167  1.111  0.474  5.852  7.778  6.444  3.333  5.778  1.778  -7.556  7.778  0.574  -0.744  
39.0  111.0  9.0  0.008  0.006  0.722  0.374  0.889  0.43  6.037  7.0  7.667  3.444  2.889  4.889  -7.778  7.889  0.563  -1.176  
16.0  128.0  9.0  0.008  0.006  0.5  0.078  0.667  0.311  5.556  6.889  6.667  3.111  4.0  3.333  -7.333  7.111  0.562  -0.986  
26.0  67.0  9.0  0.111  0.006  1.0  0.889  2.444  3.185  20.0  19.556  25.889  14.556  -1.333  17.667  -16.333  25.889  0.437  -1.623  
14.0  110.0  9.0  0.008  0.006  1.722  5.352  2.667  1.022  17.926  18.889  21.444  13.444  2.889  10.556  -13.444  21.444  0.369  -1.345  
11.0  108.0  9.0  0.008  0.006  1.333  0.8  1.389  0.952  17.667  19.0  21.111  12.889  4.0  10.333  -14.333  21.111  0.389  -1.302  
85.0  101.0  9.0  0.008  0.006  1.333  1.289  1.278  1.219  21.296  21.222  26.778  15.889  -0.222  16.444  -16.222  26.778  0.405  -1.559  
18.0  145.0  9.0  0.008  0.006  0.389  0.019  0.611  0.374  3.926  5.556  4.0  2.222  4.889  0.222  -5.111  5.556  0.601  -0.571  
23.0  55.0  9.0  0.008  0.006  2.222  3.674  1.778  0.785  23.444  21.667  31.111  17.556  -5.333  23.0  -17.667  31.111  0.435  -1.771  
196.0  129.0  9.0  0.008  0.006  0.833  0.433  0.667  0.178  6.333  7.889  7.333  3.778  4.667  3.0  -7.667  8.222  0.54  -0.933  
80.0  116.0  9.0  0.008  0.006  1.5  1.633  1.556  0.874  21.704  21.222  27.556  16.333  -1.444  17.556  -16.111  27.556  0.407  -1.632  
2.0  44.0  9.0  0.008  0.006  2.167  2.389  2.389  1.53  18.741  17.333  25.222  13.667  -4.222  19.444  -15.222  25.222  0.458  -1.754  
120.0  136.0  9.0  0.008  0.006  0.611  0.419  1.0  0.444  6.259  7.778  7.222  3.778  4.556  2.889  -7.444  8.0  0.53  -0.925  
146.0  124.0  9.0  0.008  0.006  0.5  0.167  0.389  0.107  6.037  7.444  7.333  3.333  4.222  3.889  -8.111  7.667  0.563  -1.025  
23.0  85.0  9.0  0.008  0.006  1.444  1.052  1.778  0.963  17.963  18.889  21.889  13.111  2.778  11.778  -14.556  21.889  0.4  -1.387  
138.0  116.0  9.0  0.008  0.006  0.611  0.152  0.444  0.207  6.481  7.556  8.222  3.667  3.222  5.222  -8.444  8.333  0.559  -1.191  
229.0  124.0  9.0  0.008  0.006  0.889  0.074  0.889  0.341  5.889  7.111  7.111  3.444  3.667  3.667  -7.333  7.556  0.546  -1.038  
22.0  116.0  9.0  0.008  0.006  0.389  0.107  0.333  0.133  5.63  6.778  7.0  3.111  3.444  4.111  -7.556  7.333  0.575  -1.1  
121.0  60.0  9.0  0.008  0.006  2.278  2.33  2.889  2.874  26.741  24.667  35.222  20.333  -6.222  25.444  -19.222  35.222  0.422  -1.776  
33.0  149.0  9.0  0.008  0.006  0.556  0.252  0.722  0.152  5.444  4.111  8.667  3.556  -4.0  9.667  -5.667  8.667  0.578  -1.986  
80.0  95.0  9.0  0.008  0.006  1.222  1.007  0.944  0.552  21.407  21.333  26.667  16.222  -0.222  15.778  -15.556  26.667  0.39  -1.567  
96.0  84.0  9.0  0.008  0.006  1.5  1.278  1.611  2.285  23.852  23.556  30.0  18.0  -0.889  18.444  -17.556  30.0  0.399  -1.599  
145.0  102.0  9.0  0.008  0.006  0.889  0.607  2.611  1.485  23.074  22.111  29.778  17.333  -2.889  20.111  -17.222  29.778  0.418  -1.685  
18.0  138.0  9.0  0.008  0.006  0.889  0.563  0.833  0.3  5.741  7.333  6.556  3.333  4.778  2.444  -7.222  7.333  0.544  -0.862  
138.0  133.0  9.0  0.008  0.006  0.667  0.444  1.167  0.211  6.444  7.778  7.889  3.667  4.0  4.333  -8.333  8.222  0.558  -1.078  
121.0  113.0  9.0  0.008  0.006  1.722  1.53  2.944  1.53  20.259  20.0  25.444  15.333  -0.778  15.556  -14.778  25.444  0.397  -1.586  
95.0  57.0  9.0  0.008  0.006  1.833  3.411  2.111  1.719  26.296  24.667  34.444  19.778  -4.889  24.444  -19.556  34.444  0.426  -1.739  
140.0  25.0  9.0  0.008  0.006  1.0  1.467  1.111  0.119  128.0  117.778  142.333  123.889  -30.667  43.0  -12.333  142.333  0.173  -2.355  
142.0  33.0  9.0  0.008  0.006  0.5  0.624  0.5  0.35  110.593  96.778  128.667  106.333  -41.444  54.222  -12.778  128.667  0.248  -2.408  
66.0  41.0  9.0  0.008  0.006  0.611  0.328  0.389  0.328  109.704  95.111  128.889  105.111  -43.778  57.556  -13.778  128.889  0.262  -2.405  
165.0  99.0  9.0  0.008  0.006  0.889  0.474  0.778  0.474  93.407  79.0  118.0  83.222  -43.222  73.778  -30.556  118.0  0.33  -2.208  
228.0  20.0  9.0  0.008  0.006  1.056  0.491  0.833  0.753  125.0  114.0  140.556  120.444  -33.0  46.667  -13.667  140.556  0.189  -2.348  
124.0  29.0  9.0  0.008  0.006  1.0  0.711  1.056  0.907  128.444  119.222  142.889  123.222  -27.667  43.333  -15.667  142.889  0.166  -2.271  
156.0  32.0  9.0  0.008  0.006  0.778  0.163  2.611  1.041  136.296  129.778  146.333  132.778  -19.556  30.111  -10.556  146.333  0.113  -2.281  
21.0  90.0  9.0  0.008  0.006  0.667  0.044  0.778  0.563  113.481  105.889  128.556  106.0  -22.778  45.222  -22.444  128.556  0.18  -2.098  
8.0  39.0  9.0  0.111  0.006  1.389  1.13  1.833  0.7  113.37  102.556  132.0  105.556  -32.444  55.889  -23.444  132.0  0.223  -2.198  
122.0  11.0  9.0  0.008  0.006  1.0  0.311  2.889  5.052  143.444  136.889  150.889  142.556  -19.667  22.333  -2.667  150.889  0.093  -2.522  
44.0  79.0  9.0  0.008  0.006  0.444  0.344  0.778  0.404  107.741  93.889  126.556  102.778  -41.556  56.444  -14.889  126.556  0.258  -2.378  
7.0  18.0  9.0  0.008  0.006  1.278  0.73  0.944  0.374  138.63  133.333  147.556  135.0  -15.889  26.778  -10.889  147.556  0.096  -2.215  
188.0  42.0  9.0  0.008  0.006  0.778  0.544  1.667  1.265  108.926  95.667  126.222  104.889  -39.778  51.889  -12.111  126.222  0.242  -2.41  
152.0  18.0  9.0  0.008  0.006  0.778  0.455  0.556  0.272  112.111  97.222  130.444  108.667  -44.667  55.0  -10.333  130.444  0.255  -2.455  
120.0  74.0  9.0  0.008  0.006  0.333  0.089  0.5  0.078  101.852  89.111  123.222  93.222  -38.222  64.111  -25.889  123.222  0.277  -2.221  
143.0  24.0  9.0  0.008  0.006  1.278  0.907  0.889  1.141  127.63  117.667  141.667  123.556  -29.889  42.111  -12.222  141.667  0.169  -2.349  
181.0  27.0  9.0  0.008  0.006  0.722  0.463  0.5  0.256  138.074  132.556  146.556  135.111  -16.556  25.444  -8.889  146.556  0.096  -2.265  
107.0  21.0  9.0  0.008  0.006  0.667  0.516  1.167  0.408  126.778  115.778  141.889  122.667  -33.0  45.333  -12.333  141.889  0.184  -2.37  
226.0  83.0  9.0  0.008  0.006  0.889  0.519  1.056  0.507  90.63  74.556  116.889  80.444  -48.222  78.778  -30.556  116.889  0.362  -2.239  
93.0  29.0  9.0  0.008  0.006  1.222  1.23  1.389  1.574  128.481  119.0  142.778  123.667  -28.444  42.889  -14.444  142.778  0.166  -2.298  
60.0  52.0  9.0  0.008  0.006  0.722  0.596  0.778  0.741  111.63  101.0  129.222  104.667  -31.889  52.778  -20.889  129.222  0.218  -2.23  
179.0  101.0  9.0  0.008  0.006  0.444  0.385  0.611  0.33  134.926  126.444  147.222  131.111  -25.444  36.889  -11.444  147.222  0.141  -2.329  
112.0  30.0  9.0  0.008  0.006  0.556  0.272  1.222  0.72  113.259  100.778  130.111  108.889  -37.444  50.556  -13.111  130.111  0.225  -2.385  
103.0  64.0  9.0  0.008  0.006  0.667  0.699  1.333  0.919  108.778  96.333  126.222  103.778  -37.333  52.333  -15.0  126.222  0.237  -2.355  
174.0  50.0  9.0  0.008  0.006  1.0  0.76  0.944  0.953  107.444  94.667  125.778  101.889  -38.333  55.0  -16.667  125.778  0.247  -2.337  
80.0  40.0  9.0  0.008  0.006  0.611  0.574  0.722  0.772  110.704  96.222  129.0  106.889  -43.444  54.889  -11.444  129.0  0.254  -2.435  
67.0  71.0  9.0  0.008  0.006  1.667  0.889  1.5  0.3  125.963  115.556  140.889  121.444  -31.222  44.778  -13.556  140.889  0.18  -2.34  
92.0  56.0  9.0  0.008  0.006  0.444  0.03  0.833  0.567  126.0  115.889  140.667  121.444  -30.333  44.0  -13.667  140.667  0.176  -2.327  
67.0  32.0  9.0  0.008  0.006  0.944  1.063  1.778  1.311  126.222  115.111  142.222  121.333  -33.333  48.0  -14.667  142.222  0.191  -2.334  
125.0  46.0  9.0  0.111  0.006  0.611  0.612  2.167  0.782  124.556  112.778  141.0  119.889  -35.333  49.333  -14.0  141.0  0.2  -2.358  
101.0  121.0  9.0  0.111  0.006  0.667  0.843  1.5  0.888  3.407  1.111  6.0  3.111  -6.889  7.778  -0.889  6.0  0.844  -2.519  
21.0  122.0  9.0  0.008  0.006  0.444  0.404  0.444  0.404  0.556  32.968  1.222  0.444  -1.667  2.0  -0.333  1.222  0.556  -2.445  
45.0  89.0  9.0  0.008  0.006  0.778  0.341  0.778  0.474  2.296  0.111  6.444  0.333  -6.556  12.444  -5.889  6.444  0.986  -2.124  
18.0  87.0  9.0  0.008  0.006  1.556  1.963  1.889  1.747  2.926  1.222  5.667  1.889  -5.111  8.222  -3.111  5.667  0.863  -2.229  
52.0  102.0  9.0  0.008  0.006  0.722  0.507  0.833  0.567  2.889  0.667  6.333  1.667  -6.667  10.333  -3.667  6.333  0.9  -2.262  
54.0  91.0  9.0  0.008  0.006  1.444  1.541  0.833  0.256  3.259  0.556  8.0  1.222  -8.111  14.222  -6.111  8.0  0.945  -2.187  
80.0  87.0  9.0  0.008  0.111  24.389  572.996  44.722  1386.329  67.444  58.778  79.0  64.556  -26.0  34.667  -8.667  79.0  0.306  -2.422  
140.0  124.0  9.0  0.008  0.006  1.0  0.444  1.111  1.052  2.519  0.222  6.111  1.222  -6.889  10.778  -3.889  6.111  0.974  -2.267  
69.0  139.0  9.0  0.008  0.006  2.833  1.773  2.111  1.669  18.074  16.0  22.556  15.667  -6.222  13.444  -7.222  23.889  0.387  -1.703  
9.0  80.0  9.0  0.008  0.006  2.944  13.752  16.667  71.511  23.63  17.333  31.667  21.889  -18.889  24.111  -5.222  31.667  0.514  -2.432  
6.0  81.0  9.0  0.008  0.111  4.111  8.741  5.722  28.507  12.481  7.667  18.889  10.889  -14.444  19.222  -4.778  18.889  0.628  -2.389  
74.0  129.0  9.0  0.008  0.006  0.222  0.03  0.111  0.03  0.519  32.968  1.556  34.294  -1.556  3.111  -1.556  1.556  1.0  -2.094  
41.0  75.0  9.0  0.008  0.111  15.389  19.136  26.611  31.714  55.0  47.444  65.444  52.111  -22.667  31.333  -8.667  65.444  0.298  -2.357  
36.0  145.0  9.0  0.008  0.006  0.278  0.196  1.278  2.063  0.852  0.333  1.444  0.778  -1.556  1.778  -0.222  1.444  0.252  -2.531  
94.0  144.0  9.0  0.008  0.006  0.444  0.119  0.5  0.167  1.148  32.968  3.444  34.294  -3.444  6.889  -3.444  3.444  1.0  -2.094  
18.0  90.0  9.0  0.008  0.006  1.056  0.374  0.667  0.222  2.815  0.556  6.889  1.0  -6.778  12.222  -5.444  6.889  0.926  -2.164  
68.0  103.0  9.0  0.008  0.006  0.667  0.578  1.111  0.963  2.148  0.111  5.667  0.667  -6.111  10.556  -4.444  5.667  0.988  -2.185  
45.0  108.0  9.0  0.008  0.111  25.5  12.795  27.278  15.931  49.815  41.778  61.111  46.556  -24.111  33.889  -9.778  61.111  0.359  -2.36  
59.0  99.0  9.0  0.008  0.006  0.778  0.83  1.0  0.356  2.037  0.111  5.556  0.444  -5.778  10.556  -4.778  5.556  0.986  -2.15  
67.0  136.0  9.0  0.008  0.006  6.722  3.708  2.667  3.197  15.519  9.0  25.333  12.222  -19.556  29.444  -9.889  25.333  0.661  -2.308  
226.0  110.0  9.0  0.008  0.006  0.333  0.089  0.5  0.211  1.667  0.111  4.444  0.444  -4.667  8.333  -3.667  4.444  0.978  -2.156  
231.0  124.0  9.0  0.008  0.006  3.444  14.963  1.833  6.433  3.0  1.444  5.889  1.667  -4.667  8.667  -4.0  5.889  0.895  -2.119  
103.0  125.0  9.0  0.008  0.006  0.944  0.828  0.833  0.691  1.778  0.444  3.889  1.0  -4.0  6.333  -2.333  3.889  0.924  -2.238  
1.0  81.0  9.0  0.008  0.006  12.167  267.456  9.222  205.363  21.333  14.0  30.556  19.444  -22.0  27.667  -5.667  30.556  0.595  -2.438  
230.0  124.0  9.0  0.008  0.006  0.278  0.107  0.278  0.152  0.667  32.968  2.0  34.294  -2.0  4.0  -2.0  2.0  1.0  -2.094  
58.0  109.0  9.0  0.008  0.006  0.889  0.252  2.833  1.678  4.296  1.444  8.444  3.0  -8.556  12.444  -3.889  8.444  0.864  -2.284  
59.0  120.0  9.0  0.008  0.006  2.167  1.986  1.444  1.87  19.074  10.556  33.111  13.556  -25.556  42.111  -16.556  33.111  0.681  -2.231  
140.0  125.0  9.0  0.008  0.006  0.667  0.222  2.667  3.778  3.926  1.556  7.778  2.444  -7.111  11.556  -4.444  7.778  0.853  -2.234  
127.0  143.0  9.0  0.008  0.006  1.5  0.122  0.889  0.607  4.185  0.889  9.444  2.222  -9.889  15.778  -5.889  9.444  0.915  -2.257  
23.0  129.0  9.0  0.008  0.006  0.5  0.078  0.389  0.152  0.519  32.968  1.556  34.294  -1.556  3.111  -1.556  1.556  0.778  -2.094  
191.0  119.0  9.0  0.008  0.006  1.111  1.294  0.944  0.772  39.852  36.222  48.222  35.111  -10.889  25.111  -14.222  48.222  0.272  -2.006  
219.0  80.0  9.0  0.008  0.006  1.278  0.33  0.667  0.933  39.704  36.333  48.222  34.556  -10.111  25.556  -15.444  48.222  0.283  -1.963  
136.0  45.0  9.0  0.008  0.006  1.222  1.544  2.056  1.526  53.074  48.111  63.778  47.333  -14.889  32.111  -17.222  63.778  0.259  -2.046  
66.0  160.0  9.0  0.008  0.006  3.0  4.044  2.778  0.43  22.852  18.222  31.556  18.778  -13.889  26.111  -12.222  31.556  0.426  -2.139  
190.0  105.0  9.0  0.008  0.006  1.889  2.296  2.167  1.678  45.741  41.222  56.333  39.667  -13.556  31.778  -18.222  56.333  0.296  -1.996  
37.0  78.0  9.0  0.008  0.006  1.0  0.178  2.556  2.874  43.815  41.111  51.889  38.444  -8.111  24.222  -16.111  51.889  0.259  -1.886  
198.0  127.0  9.0  0.008  0.006  2.444  4.385  8.556  59.541  40.741  38.0  48.222  36.0  -8.222  22.444  -14.222  48.222  0.249  -1.908  
191.0  101.0  9.0  0.008  0.006  1.111  0.779  1.111  1.186  45.037  39.0  57.111  39.0  -18.111  36.222  -18.111  57.111  0.323  -2.094  
243.0  120.0  9.0  0.008  0.006  4.444  4.36  1.556  1.834  47.852  44.778  56.333  42.444  -9.222  25.444  -16.222  56.333  0.245  -1.911  
230.0  117.0  9.0  0.008  0.006  3.278  0.929  1.444  0.861  39.037  33.556  49.778  33.778  -16.444  32.222  -15.778  49.778  0.335  -2.106  
151.0  89.0  9.0  0.008  0.006  8.389  4.577  0.722  0.39  31.704  27.333  41.0  26.778  -13.111  27.889  -14.778  41.0  0.351  -2.047  
176.0  100.0  9.0  0.008  0.006  1.944  0.774  1.444  0.652  55.37  50.333  66.889  48.889  -15.111  34.556  -19.444  66.889  0.269  -2.006  
118.0  126.0  9.0  0.008  0.006  0.667  0.4  1.833  2.122  20.556  16.111  28.667  16.889  -13.333  24.333  -11.0  28.667  0.437  -2.159  
42.0  57.0  9.0  0.008  0.006  1.389  0.976  1.0  0.365  65.704  59.444  79.444  58.222  -18.778  41.222  -22.444  79.444  0.267  -2.031  
217.0  148.0  9.0  0.008  0.006  2.056  2.552  1.056  0.507  29.074  21.444  41.556  24.222  -22.889  37.444  -14.556  41.556  0.484  -2.238  
14.0  146.0  9.0  0.111  0.006  0.889  0.474  1.111  0.741  10.593  8.0  15.667  8.111  -7.778  15.222  -7.444  15.667  0.488  -2.109  
22.0  87.0  9.0  0.008  0.006  1.889  1.259  1.167  0.624  64.037  55.778  80.333  56.0  -24.778  48.889  -24.111  80.333  0.31  -2.105  
130.0  32.0  9.0  0.008  0.006  1.111  1.047  0.833  0.837  59.481  54.222  70.889  53.333  -15.778  34.222  -18.444  70.889  0.249  -2.042  
162.0  159.0  9.0  0.008  0.006  2.167  0.96  2.222  1.456  26.111  25.222  29.556  23.556  -2.667  10.333  -7.667  29.556  0.203  -1.803  
150.0  158.0  9.0  0.008  0.006  2.167  1.633  1.389  0.419  8.444  7.0  12.222  6.111  -4.333  11.333  -7.0  12.222  0.503  -1.943  
163.0  68.0  9.0  0.008  0.006  1.833  2.211  1.556  0.963  56.778  52.0  68.222  50.111  -14.333  34.333  -20.0  68.222  0.265  -1.984  
187.0  80.0  9.0  0.008  0.006  1.333  0.711  1.333  0.711  40.519  37.778  47.667  36.111  -8.222  21.444  -13.222  47.667  0.245  -1.943  
140.0  73.0  9.0  0.008  0.006  1.722  0.828  0.778  1.004  46.296  45.667  51.111  42.111  -1.889  14.444  -12.556  51.111  0.176  -1.682  
236.0  117.0  9.0  0.008  0.006  0.778  0.404  1.278  0.743  45.889  39.556  58.444  39.667  -19.0  37.667  -18.667  58.444  0.33  -2.099  
112.0  90.0  9.0  0.008  0.006  7.389  6.946  1.278  0.88  65.185  57.667  79.778  58.111  -22.556  43.778  -21.222  79.778  0.278  -2.109  
197.0  121.0  9.0  0.008  0.006  21.667  17.363  0.944  0.905  41.037  37.444  49.444  36.222  -10.778  25.222  -14.444  49.444  0.281  -1.996  
141.0  17.0  9.0  0.111  0.222  3.722  4.449  5.0  2.319  44.593  40.333  54.0  39.444  -12.778  28.222  -15.444  54.0  0.268  -2.03  
79.0  28.0  9.0  0.008  0.006  4.278  3.762  0.833  0.658  62.407  53.444  79.111  54.667  -26.889  50.111  -23.222  79.111  0.325  -2.145  
169.0  102.0  9.0  0.008  0.006  1.0  0.356  0.889  0.296  58.222  53.444  69.667  51.556  -14.333  34.333  -20.0  69.667  0.26  -1.986  
208.0  65.0  9.0  0.008  0.006  1.389  1.237  26.444  25.537  56.704  52.667  64.444  53.0  -12.111  23.222  -11.111  64.444  0.197  -1.971  
189.0  144.0  9.0  0.008  0.006  1.925  5.72  2.604  11.638  37.091  32.968  44.011  34.294  -12.37  20.76  -8.39  44.888  0.423  -1.34  
189.0  141.0  9.0  0.008  0.006  1.925  5.72  2.604  11.638  37.091  32.968  44.011  34.294  -12.37  20.76  -8.39  44.888  0.423  -1.34  
210.0  153.0  9.0  0.008  0.006  1.925  5.72  2.604  11.638  37.091  32.968  44.011  34.294  -12.37  20.76  -8.39  44.888  0.423  -1.34  
57.0  89.0  9.0  0.008  0.006  1.722  1.307  6.167  4.703  17.0  13.0  24.556  13.444  -12.0  22.667  -10.667  24.556  0.477  -2.13  
243.0  94.0  9.0  0.008  0.006  0.667  0.311  0.222  0.03  1.185  0.222  3.222  0.111  -2.889  6.111  -3.222  3.222  0.978  -2.071  
229.0  104.0  9.0  0.008  0.006  0.5  0.548  2.833  2.041  19.778  16.333  26.111  16.889  -10.333  19.0  -8.667  26.111  0.376  -2.151  
226.0  131.0  9.0  0.008  0.006  1.925  5.72  2.604  11.638  37.091  32.968  44.011  34.294  -12.37  20.76  -8.39  44.888  0.423  -1.34  
196.0  95.0  9.0  0.008  0.006  1.722  1.124  1.333  1.265  7.63  6.778  10.778  5.333  -2.556  9.444  -6.889  10.778  0.513  -1.749  
43.0  152.0  9.0  0.008  0.006  1.944  1.707  1.222  0.83  1.519  1.0  2.889  0.667  -1.556  4.111  -2.556  2.889  0.649  -1.933  
54.0  133.0  9.0  0.008  0.006  1.556  1.007  0.5  0.344  5.37  3.667  9.0  3.444  -5.111  10.889  -5.778  9.0  0.63  -2.048  
157.0  85.0  9.0  0.008  0.006  1.222  1.241  0.222  0.172  18.926  14.556  26.889  15.333  -13.111  23.889  -10.778  26.889  0.459  -2.161  
96.0  94.0  9.0  0.008  0.006  0.722  0.285  0.444  0.43  20.222  16.0  28.778  15.889  -12.667  25.667  -13.0  28.778  0.452  -2.085  
152.0  155.0  9.0  0.008  0.006  0.5  0.611  10.778  131.807  7.296  5.333  11.0  5.556  -5.889  11.111  -5.222  11.0  0.5  -2.116  
208.0  34.0  9.0  0.008  0.006  1.722  1.731  0.444  0.502  14.444  10.778  21.0  11.556  -11.0  19.667  -8.667  21.0  0.48  -2.162  
222.0  62.0  9.0  0.008  0.006  0.278  0.251  0.667  0.558  6.407  4.111  11.444  3.667  -6.889  15.111  -8.222  11.444  0.681  -2.034  
123.0  152.0  9.0  0.008  0.006  1.925  5.72  2.604  11.638  37.091  32.968  44.011  34.294  -12.37  20.76  -8.39  44.888  0.423  -1.34  
20.0  134.0  9.0  0.008  0.006  0.667  0.089  0.611  0.241  2.963  1.111  6.444  1.333  -5.556  10.444  -4.889  6.444  0.829  -2.133  
223.0  62.0  9.0  0.008  0.006  0.333  0.298  0.444  0.502  6.444  4.111  11.444  3.778  -7.0  15.0  -8.0  11.444  0.67  -2.049  
184.0  145.0  9.0  0.008  0.006  0.722  0.612  0.222  0.272  0.556  0.333  1.222  0.111  -0.667  2.0  -1.333  1.222  0.528  -1.921  
225.0  58.0  9.0  0.008  0.006  0.333  0.422  0.444  0.344  8.333  5.556  14.111  5.333  -8.333  17.333  -9.0  14.111  0.622  -2.069  
58.0  113.0  9.0  0.008  0.006  3.444  1.223  0.722  0.39  20.852  16.889  28.444  17.222  -11.889  22.778  -10.889  28.444  0.415  -2.126  
160.0  41.0  9.0  0.008  0.006  0.833  0.81  0.222  0.172  0.704  0.556  1.222  0.333  -0.444  1.556  -1.111  1.222  0.537  -1.845  
160.0  110.0  9.0  0.008  0.006  0.833  0.691  0.444  0.272  31.63  27.222  39.333  28.333  -13.222  23.111  -9.889  39.333  0.307  -2.187  
186.0  12.0  9.0  0.008  0.006  0.444  0.272  2.333  1.966  6.259  3.889  11.333  3.556  -7.111  15.222  -8.111  11.333  0.687  -2.058  
142.0  111.0  9.0  0.008  0.006  1.111  0.455  0.556  0.344  28.741  24.556  35.889  25.778  -12.556  21.444  -8.889  35.889  0.315  -2.203  
252.0  137.0  9.0  0.008  0.006  0.889  0.544  0.611  0.712  0.741  0.333  1.778  0.111  -1.222  3.111  -1.889  1.778  0.75  -2.008  
206.0  61.0  9.0  0.008  0.006  0.556  0.404  0.5  0.459  7.074  4.667  12.222  4.333  -7.222  15.444  -8.222  12.222  0.646  -2.049  
239.0  93.0  9.0  0.008  0.006  3.444  13.496  1.056  0.863  14.407  9.889  22.889  10.444  -13.556  25.444  -11.889  22.889  0.577  -2.137  
207.0  115.0  9.0  0.008  0.006  1.056  0.33  0.167  0.033  1.222  0.444  2.889  0.333  -2.333  5.0  -2.667  2.889  0.933  -2.066  
90.0  134.0  9.0  0.008  0.006  0.389  0.019  0.944  0.152  2.111  1.0  4.667  0.667  -3.333  7.667  -4.333  4.667  0.881  -2.013  
86.0  197.0  9.0  0.111  0.111  1.611  1.452  1.278  1.104  63.222  56.222  77.778  55.667  -21.0  43.667  -22.667  77.778  0.285  -2.068  
4.0  189.0  9.0  0.008  0.006  2.056  3.885  11.722  114.596  26.444  23.444  33.0  22.889  -9.0  19.667  -10.667  33.0  0.271  -2.101  
134.0  187.0  9.0  0.008  0.006  1.889  1.515  2.111  1.785  59.37  52.667  74.111  51.333  -20.111  44.222  -24.111  74.111  0.307  -2.033  
252.0  201.0  9.0  0.008  0.006  4.611  5.495  5.556  5.795  40.296  35.778  49.0  36.111  -13.556  26.111  -12.556  49.0  0.275  -2.176  
219.0  176.0  9.0  0.008  0.111  2.111  1.858  5.111  2.841  60.296  53.333  75.667  51.889  -20.889  46.111  -25.222  75.667  0.314  -2.031  
205.0  190.0  9.0  0.008  0.006  1.278  0.998  1.611  1.124  49.481  44.778  60.667  43.0  -14.111  33.556  -19.444  60.667  0.291  -1.988  
202.0  193.0  9.0  0.008  0.006  1.111  0.75  3.389  2.489  41.704  37.889  50.667  36.556  -11.444  26.889  -15.444  50.667  0.278  -1.993  
223.0  161.0  9.0  0.008  0.006  1.389  3.041  9.0  31.022  42.037  36.0  52.222  37.889  -18.111  30.556  -12.444  52.222  0.308  -2.282  
87.0  196.0  9.0  0.111  0.006  1.333  0.869  2.222  1.669  61.593  55.0  75.667  54.111  -19.778  42.222  -22.444  75.667  0.288  -2.049  
105.0  193.0  9.0  0.008  0.006  3.222  1.905  2.889  2.177  60.111  53.111  75.111  52.111  -21.0  45.0  -24.0  75.111  0.308  -2.048  
77.0  185.0  9.0  0.008  0.006  2.944  7.663  6.222  32.119  32.556  29.222  39.667  28.778  -10.0  21.333  -11.333  39.667  0.27  -2.085  
88.0  180.0  9.0  0.008  0.006  1.5  0.937  3.833  2.889  50.407  45.222  62.333  43.667  -15.556  35.778  -20.222  62.333  0.301  -2.009  
214.0  161.0  9.0  0.008  0.006  3.722  0.73  11.5  18.922  40.444  35.333  49.667  36.333  -15.333  27.667  -12.333  49.667  0.298  -2.199  
198.0  183.0  9.0  0.008  0.006  1.056  1.182  3.389  1.597  54.037  48.889  66.556  46.667  -15.444  37.556  -22.111  66.556  0.299  -1.975  
189.0  187.0  9.0  0.008  0.006  1.222  1.004  3.056  2.389  48.519  44.111  59.889  41.556  -13.222  34.111  -20.889  59.889  0.306  -1.947  
124.0  191.0  9.0  0.008  0.006  3.5  2.739  3.278  2.8  59.741  52.889  74.778  51.556  -20.556  45.111  -24.556  74.778  0.314  -2.035  
182.0  186.0  9.0  0.111  0.006  3.667  2.044  1.778  1.241  48.444  43.778  59.889  41.667  -14.0  34.333  -20.333  59.889  0.305  -1.973  
151.0  163.0  9.0  0.008  0.006  2.056  2.285  18.167  41.989  40.0  34.556  48.0  37.444  -16.333  24.0  -7.667  48.111  0.264  -2.517  
112.0  197.0  9.0  0.008  0.006  4.222  2.994  4.944  3.123  50.333  44.667  62.222  44.111  -17.0  35.667  -18.667  62.222  0.296  -2.071  
137.0  182.0  9.0  0.008  0.006  1.833  3.856  3.611  9.219  34.926  31.444  42.889  30.444  -10.444  23.889  -13.444  42.889  0.286  -2.001  
4.0  201.0  9.0  0.008  0.222  2.722  1.679  5.222  3.125  53.704  47.111  67.222  46.778  -19.778  40.556  -20.778  67.222  0.309  -2.075  
235.0  196.0  9.0  0.008  0.006  1.667  1.333  2.222  1.148  47.259  41.778  58.556  41.444  -16.444  33.889  -17.444  58.556  0.294  -2.075  
167.0  189.0  9.0  0.008  0.006  3.778  2.238  3.778  1.544  58.407  51.333  72.444  51.444  -21.222  42.111  -20.889  72.444  0.296  -2.101  
250.0  176.0  9.0  0.008  0.111  1.611  1.063  3.444  1.695  53.667  47.111  67.667  46.222  -19.667  42.0  -22.333  67.667  0.318  -2.052  
244.0  194.0  9.0  0.008  0.006  1.722  1.143  2.278  2.038  49.741  44.444  61.667  43.111  -15.889  35.778  -19.889  61.667  0.301  -2.022  
178.0  185.0  9.0  0.008  0.006  2.611  1.806  3.111  2.277  49.037  44.0  60.667  42.444  -15.111  34.889  -19.778  60.667  0.3  -2.006  
229.0  195.0  9.0  0.008  0.006  4.167  2.278  4.111  2.248  47.704  42.444  58.889  41.778  -15.778  33.556  -17.778  58.889  0.29  -2.053  
5.0  210.0  9.0  0.008  0.111  2.167  1.67  4.444  2.613  51.296  45.444  64.333  44.111  -17.556  39.111  -21.556  64.333  0.318  -2.021  
118.0  180.0  9.0  0.008  0.006  1.944  1.482  3.111  1.089  48.556  44.111  59.0  42.556  -13.333  31.333  -18.0  59.0  0.279  -1.996  
86.0  193.0  9.0  0.008  0.006  3.278  1.652  2.222  1.809  61.407  53.667  76.556  54.0  -23.222  45.444  -22.222  76.556  0.3  -2.109  
204.0  156.0  9.0  0.008  0.006  0.5  0.279  2.0  0.558  23.704  17.333  25.444  28.333  -19.111  5.222  13.889  28.333  0.389  2.865  
71.0  180.0  9.0  0.111  0.006  1.222  0.563  3.0  1.867  22.333  18.333  21.444  27.222  -12.0  -2.667  14.667  27.222  0.327  2.454  
60.0  181.0  9.0  0.111  0.006  1.667  1.2  2.667  2.089  19.63  17.111  17.889  23.889  -7.556  -5.222  12.778  23.889  0.286  2.189  
103.0  216.0  9.0  0.008  0.006  0.889  0.652  2.167  1.144  14.556  10.889  13.667  19.111  -11.0  -2.667  13.667  19.111  0.432  2.448  
89.0  221.0  9.0  0.008  0.006  1.389  1.485  1.444  1.585  14.074  10.667  12.444  19.111  -10.222  -4.889  15.111  19.111  0.446  2.317  
8.0  199.0  9.0  0.008  0.006  1.667  0.789  1.389  0.712  15.0  13.333  11.778  19.889  -5.0  -9.667  14.667  19.889  0.409  1.905  
200.0  250.0  9.0  0.008  0.006  2.278  1.421  1.444  1.026  9.222  6.556  7.333  13.778  -8.0  -5.667  13.667  13.778  0.563  2.193  
163.0  166.0  9.0  0.008  0.006  1.778  1.096  2.444  1.052  16.963  12.333  16.333  22.222  -13.889  -1.889  15.778  22.222  0.446  2.516  
186.0  173.0  9.0  0.008  0.006  1.444  0.83  2.111  1.985  17.148  13.556  15.556  22.333  -10.778  -4.778  15.556  22.333  0.396  2.333  
2.0  245.0  9.0  0.008  0.006  1.889  2.163  3.167  3.278  6.407  6.222  6.0  7.0  -0.556  -1.222  1.778  7.222  0.191  1.757  
62.0  223.0  9.0  0.008  0.006  2.5  5.722  1.667  2.444  6.667  4.889  4.667  10.444  -5.333  -6.0  11.333  10.444  0.593  2.047  
242.0  183.0  9.0  0.008  0.006  1.5  0.937  2.167  1.798  15.37  12.667  12.444  21.0  -8.111  -8.778  16.889  21.0  0.42  2.076  
200.0  215.0  9.0  0.008  0.006  1.556  0.958  4.722  2.645  23.037  17.111  22.556  29.444  -17.778  -1.444  19.222  29.444  0.421  2.561  
57.0  177.0  9.0  0.008  0.006  0.944  0.552  1.444  1.719  19.593  15.778  18.444  24.556  -11.444  -3.444  14.889  24.556  0.359  2.413  
63.0  220.0  9.0  0.008  0.006  3.056  15.263  3.667  6.089  8.185  6.556  6.444  11.556  -4.889  -5.222  10.111  11.556  0.487  2.093  
117.0  224.0  9.0  0.008  0.006  3.056  2.56  3.056  3.022  20.259  15.444  17.778  27.556  -14.444  -7.444  21.889  27.556  0.442  2.304  
233.0  211.0  9.0  0.111  0.006  2.667  6.089  1.667  1.733  15.444  12.444  15.222  18.667  -9.0  -0.667  9.667  18.667  0.335  2.555  
232.0  175.0  9.0  0.008  0.006  1.167  0.624  2.833  2.168  15.37  12.444  13.556  20.111  -8.778  -5.444  14.222  20.111  0.387  2.242  
29.0  195.0  9.0  0.008  0.006  0.444  0.404  0.611  0.68  16.037  14.444  13.333  20.333  -4.778  -8.111  12.889  20.333  0.342  1.943  
63.0  201.0  9.0  0.008  0.006  1.444  0.919  0.944  0.552  7.778  6.222  5.556  11.556  -4.667  -6.667  11.333  11.556  0.543  1.983  
93.0  236.0  9.0  0.111  0.006  1.778  2.696  2.0  0.933  12.519  9.556  10.778  17.222  -8.889  -5.222  14.111  17.222  0.447  2.267  
72.0  191.0  9.0  0.111  0.006  1.278  0.507  3.111  4.607  15.185  12.111  14.889  18.556  -9.222  -0.889  10.111  18.556  0.35  2.545  
52.0  170.0  9.0  0.008  0.006  0.556  0.455  0.944  0.39  25.444  20.111  25.333  30.889  -16.0  -0.333  16.333  30.889  0.349  2.604  
233.0  184.0  9.0  0.008  0.006  0.5  0.078  0.778  0.785  11.852  9.778  9.889  15.889  -6.222  -5.889  12.111  15.889  0.406  2.129  
237.0  191.0  9.0  0.008  0.006  1.0  0.311  1.5  1.011  7.333  5.333  5.444  11.222  -6.0  -5.667  11.667  11.222  0.536  2.122  
36.0  243.0  9.0  0.111  0.006  1.889  1.852  2.0  0.711  13.333  9.889  12.111  18.0  -10.333  -3.667  14.0  18.0  0.452  2.368  
186.0  218.0  9.0  0.008  0.006  1.167  0.744  1.167  0.656  13.704  10.667  12.667  17.778  -9.111  -3.111  12.222  17.778  0.401  2.383  
197.0  236.0  9.0  0.008  0.006  2.444  6.83  3.333  7.6  16.074  13.111  16.667  18.444  -8.889  1.778  7.111  18.556  0.293  2.79  
208.0  240.0  9.0  0.111  0.006  1.056  0.863  2.444  5.007  14.148  10.889  13.0  18.556  -9.778  -3.444  13.222  18.556  0.422  2.392  
223.0  185.0  9.0  0.008  0.006  0.5  0.35  2.389  2.081  12.963  11.556  9.778  17.556  -4.222  -9.556  13.778  17.556  0.445  1.839  
