 100 19
140.0  125.0  9.0  0.008  0.006  0.278  0.063  0.667  0.311  6.185  7.333  7.667  3.556  3.444  4.444  -7.889  7.778  0.546  -1.122  
188.0  133.0  9.0  0.008  0.006  0.333  0.267  0.5  0.078  6.667  8.333  7.778  3.889  5.0  3.333  -8.333  8.444  0.539  -0.925  
105.0  139.0  9.0  0.008  0.006  0.278  0.107  0.833  0.522  6.111  7.556  7.222  3.556  4.333  3.333  -7.667  7.556  0.533  -0.966  
34.0  137.0  9.0  0.008  0.006  0.5  0.167  1.111  0.474  5.852  7.778  6.444  3.333  5.778  1.778  -7.556  7.778  0.574  -0.744  
39.0  111.0  9.0  0.008  0.006  0.722  0.374  0.889  0.43  6.037  7.0  7.667  3.444  2.889  4.889  -7.778  7.889  0.563  -1.176  
16.0  128.0  9.0  0.008  0.006  0.5  0.078  0.667  0.311  5.556  6.889  6.667  3.111  4.0  3.333  -7.333  7.111  0.562  -0.986  
26.0  67.0  9.0  0.111  0.006  1.0  0.889  2.444  3.185  20.0  19.556  25.889  14.556  -1.333  17.667  -16.333  25.889  0.437  -1.623  
14.0  110.0  9.0  0.008  0.006  1.722  5.352  2.667  1.022  17.926  18.889  21.444  13.444  2.889  10.556  -13.444  21.444  0.369  -1.345  
11.0  108.0  9.0  0.008  0.006  1.333  0.8  1.389  0.952  17.667  19.0  21.111  12.889  4.0  10.333  -14.333  21.111  0.389  -1.302  
85.0  101.0  9.0  0.008  0.006  1.333  1.289  1.278  1.219  21.296  21.222  26.778  15.889  -0.222  16.444  -16.222  26.778  0.405  -1.559  
18.0  145.0  9.0  0.008  0.006  0.389  0.019  0.611  0.374  3.926  5.556  4.0  2.222  4.889  0.222  -5.111  5.556  0.601  -0.571  
23.0  55.0  9.0  0.008  0.006  2.222  3.674  1.778  0.785  23.444  21.667  31.111  17.556  -5.333  23.0  -17.667  31.111  0.435  -1.771  
196.0  129.0  9.0  0.008  0.006  0.833  0.433  0.667  0.178  6.333  7.889  7.333  3.778  4.667  3.0  -7.667  8.222  0.54  -0.933  
80.0  116.0  9.0  0.008  0.006  1.5  1.633  1.556  0.874  21.704  21.222  27.556  16.333  -1.444  17.556  -16.111  27.556  0.407  -1.632  
2.0  44.0  9.0  0.008  0.006  2.167  2.389  2.389  1.53  18.741  17.333  25.222  13.667  -4.222  19.444  -15.222  25.222  0.458  -1.754  
120.0  136.0  9.0  0.008  0.006  0.611  0.419  1.0  0.444  6.259  7.778  7.222  3.778  4.556  2.889  -7.444  8.0  0.53  -0.925  
146.0  124.0  9.0  0.008  0.006  0.5  0.167  0.389  0.107  6.037  7.444  7.333  3.333  4.222  3.889  -8.111  7.667  0.563  -1.025  
23.0  85.0  9.0  0.008  0.006  1.444  1.052  1.778  0.963  17.963  18.889  21.889  13.111  2.778  11.778  -14.556  21.889  0.4  -1.387  
138.0  116.0  9.0  0.008  0.006  0.611  0.152  0.444  0.207  6.481  7.556  8.222  3.667  3.222  5.222  -8.444  8.333  0.559  -1.191  
229.0  124.0  9.0  0.008  0.006  0.889  0.074  0.889  0.341  5.889  7.111  7.111  3.444  3.667  3.667  -7.333  7.556  0.546  -1.038  
22.0  116.0  9.0  0.008  0.006  0.389  0.107  0.333  0.133  5.63  6.778  7.0  3.111  3.444  4.111  -7.556  7.333  0.575  -1.1  
121.0  60.0  9.0  0.008  0.006  2.278  2.33  2.889  2.874  26.741  24.667  35.222  20.333  -6.222  25.444  -19.222  35.222  0.422  -1.776  
33.0  149.0  9.0  0.008  0.006  0.556  0.252  0.722  0.152  5.444  4.111  8.667  3.556  -4.0  9.667  -5.667  8.667  0.578  -1.986  
80.0  95.0  9.0  0.008  0.006  1.222  1.007  0.944  0.552  21.407  21.333  26.667  16.222  -0.222  15.778  -15.556  26.667  0.39  -1.567  
96.0  84.0  9.0  0.008  0.006  1.5  1.278  1.611  2.285  23.852  23.556  30.0  18.0  -0.889  18.444  -17.556  30.0  0.399  -1.599  
145.0  102.0  9.0  0.008  0.006  0.889  0.607  2.611  1.485  23.074  22.111  29.778  17.333  -2.889  20.111  -17.222  29.778  0.418  -1.685  
18.0  138.0  9.0  0.008  0.006  0.889  0.563  0.833  0.3  5.741  7.333  6.556  3.333  4.778  2.444  -7.222  7.333  0.544  -0.862  
138.0  133.0  9.0  0.008  0.006  0.667  0.444  1.167  0.211  6.444  7.778  7.889  3.667  4.0  4.333  -8.333  8.222  0.558  -1.078  
121.0  113.0  9.0  0.008  0.006  1.722  1.53  2.944  1.53  20.259  20.0  25.444  15.333  -0.778  15.556  -14.778  25.444  0.397  -1.586  
95.0  57.0  9.0  0.008  0.006  1.833  3.411  2.111  1.719  26.296  24.667  34.444  19.778  -4.889  24.444  -19.556  34.444  0.426  -1.739  
140.0  25.0  9.0  0.008  0.006  1.0  1.467  1.111  0.119  128.0  117.778  142.333  123.889  -30.667  43.0  -12.333  142.333  0.173  -2.355  
142.0  33.0  9.0  0.008  0.006  0.5  0.624  0.5  0.35  110.593  96.778  128.667  106.333  -41.444  54.222  -12.778  128.667  0.248  -2.408  
66.0  41.0  9.0  0.008  0.006  0.611  0.328  0.389  0.328  109.704  95.111  128.889  105.111  -43.778  57.556  -13.778  128.889  0.262  -2.405  
165.0  99.0  9.0  0.008  0.006  0.889  0.474  0.778  0.474  93.407  79.0  118.0  83.222  -43.222  73.778  -30.556  118.0  0.33  -2.208  
228.0  20.0  9.0  0.008  0.006  1.056  0.491  0.833  0.753  125.0  114.0  140.556  120.444  -33.0  46.667  -13.667  140.556  0.189  -2.348  
124.0  29.0  9.0  0.008  0.006  1.0  0.711  1.056  0.907  128.444  119.222  142.889  123.222  -27.667  43.333  -15.667  142.889  0.166  -2.271  
156.0  32.0  9.0  0.008  0.006  0.778  0.163  2.611  1.041  136.296  129.778  146.333  132.778  -19.556  30.111  -10.556  146.333  0.113  -2.281  
21.0  90.0  9.0  0.008  0.006  0.667  0.044  0.778  0.563  113.481  105.889  128.556  106.0  -22.778  45.222  -22.444  128.556  0.18  -2.098  
8.0  39.0  9.0  0.111  0.006  1.389  1.13  1.833  0.7  113.37  102.556  132.0  105.556  -32.444  55.889  -23.444  132.0  0.223  -2.198  
122.0  11.0  9.0  0.008  0.006  1.0  0.311  2.889  5.052  143.444  136.889  150.889  142.556  -19.667  22.333  -2.667  150.889  0.093  -2.522  
44.0  79.0  9.0  0.008  0.006  0.444  0.344  0.778  0.404  107.741  93.889  126.556  102.778  -41.556  56.444  -14.889  126.556  0.258  -2.378  
7.0  18.0  9.0  0.008  0.006  1.278  0.73  0.944  0.374  138.63  133.333  147.556  135.0  -15.889  26.778  -10.889  147.556  0.096  -2.215  
188.0  42.0  9.0  0.008  0.006  0.778  0.544  1.667  1.265  108.926  95.667  126.222  104.889  -39.778  51.889  -12.111  126.222  0.242  -2.41  
152.0  18.0  9.0  0.008  0.006  0.778  0.455  0.556  0.272  112.111  97.222  130.444  108.667  -44.667  55.0  -10.333  130.444  0.255  -2.455  
120.0  74.0  9.0  0.008  0.006  0.333  0.089  0.5  0.078  101.852  89.111  123.222  93.222  -38.222  64.111  -25.889  123.222  0.277  -2.221  
143.0  24.0  9.0  0.008  0.006  1.278  0.907  0.889  1.141  127.63  117.667  141.667  123.556  -29.889  42.111  -12.222  141.667  0.169  -2.349  
181.0  27.0  9.0  0.008  0.006  0.722  0.463  0.5  0.256  138.074  132.556  146.556  135.111  -16.556  25.444  -8.889  146.556  0.096  -2.265  
107.0  21.0  9.0  0.008  0.006  0.667  0.516  1.167  0.408  126.778  115.778  141.889  122.667  -33.0  45.333  -12.333  141.889  0.184  -2.37  
226.0  83.0  9.0  0.008  0.006  0.889  0.519  1.056  0.507  90.63  74.556  116.889  80.444  -48.222  78.778  -30.556  116.889  0.362  -2.239  
93.0  29.0  9.0  0.008  0.006  1.222  1.23  1.389  1.574  128.481  119.0  142.778  123.667  -28.444  42.889  -14.444  142.778  0.166  -2.298  
60.0  52.0  9.0  0.008  0.006  0.722  0.596  0.778  0.741  111.63  101.0  129.222  104.667  -31.889  52.778  -20.889  129.222  0.218  -2.23  
179.0  101.0  9.0  0.008  0.006  0.444  0.385  0.611  0.33  134.926  126.444  147.222  131.111  -25.444  36.889  -11.444  147.222  0.141  -2.329  
112.0  30.0  9.0  0.008  0.006  0.556  0.272  1.222  0.72  113.259  100.778  130.111  108.889  -37.444  50.556  -13.111  130.111  0.225  -2.385  
103.0  64.0  9.0  0.008  0.006  0.667  0.699  1.333  0.919  108.778  96.333  126.222  103.778  -37.333  52.333  -15.0  126.222  0.237  -2.355  
174.0  50.0  9.0  0.008  0.006  1.0  0.76  0.944  0.953  107.444  94.667  125.778  101.889  -38.333  55.0  -16.667  125.778  0.247  -2.337  
80.0  40.0  9.0  0.008  0.006  0.611  0.574  0.722  0.772  110.704  96.222  129.0  106.889  -43.444  54.889  -11.444  129.0  0.254  -2.435  
67.0  71.0  9.0  0.008  0.006  1.667  0.889  1.5  0.3  125.963  115.556  140.889  121.444  -31.222  44.778  -13.556  140.889  0.18  -2.34  
92.0  56.0  9.0  0.008  0.006  0.444  0.03  0.833  0.567  126.0  115.889  140.667  121.444  -30.333  44.0  -13.667  140.667  0.176  -2.327  
67.0  32.0  9.0  0.008  0.006  0.944  1.063  1.778  1.311  126.222  115.111  142.222  121.333  -33.333  48.0  -14.667  142.222  0.191  -2.334  
125.0  46.0  9.0  0.111  0.006  0.611  0.612  2.167  0.782  124.556  112.778  141.0  119.889  -35.333  49.333  -14.0  141.0  0.2  -2.358  
101.0  121.0  9.0  0.111  0.006  0.667  0.843  1.5  0.888  3.407  1.111  6.0  3.111  -6.889  7.778  -0.889  6.0  0.844  -2.519  
21.0  122.0  9.0  0.008  0.006  0.444  0.404  0.444  0.404  0.556  32.968  1.222  0.444  -1.667  2.0  -0.333  1.222  0.556  -2.445  
45.0  89.0  9.0  0.008  0.006  0.778  0.341  0.778  0.474  2.296  0.111  6.444  0.333  -6.556  12.444  -5.889  6.444  0.986  -2.124  
18.0  87.0  9.0  0.008  0.006  1.556  1.963  1.889  1.747  2.926  1.222  5.667  1.889  -5.111  8.222  -3.111  5.667  0.863  -2.229  
52.0  102.0  9.0  0.008  0.006  0.722  0.507  0.833  0.567  2.889  0.667  6.333  1.667  -6.667  10.333  -3.667  6.333  0.9  -2.262  
54.0  91.0  9.0  0.008  0.006  1.444  1.541  0.833  0.256  3.259  0.556  8.0  1.222  -8.111  14.222  -6.111  8.0  0.945  -2.187  
80.0  87.0  9.0  0.008  0.111  24.389  572.996  44.722  1386.329  67.444  58.778  79.0  64.556  -26.0  34.667  -8.667  79.0  0.306  -2.422  
140.0  124.0  9.0  0.008  0.006  1.0  0.444  1.111  1.052  2.519  0.222  6.111  1.222  -6.889  10.778  -3.889  6.111  0.974  -2.267  
69.0  139.0  9.0  0.008  0.006  2.833  1.773  2.111  1.669  18.074  16.0  22.556  15.667  -6.222  13.444  -7.222  23.889  0.387  -1.703  
9.0  80.0  9.0  0.008  0.006  2.944  13.752  16.667  71.511  23.63  17.333  31.667  21.889  -18.889  24.111  -5.222  31.667  0.514  -2.432  
6.0  81.0  9.0  0.008  0.111  4.111  8.741  5.722  28.507  12.481  7.667  18.889  10.889  -14.444  19.222  -4.778  18.889  0.628  -2.389  
74.0  129.0  9.0  0.008  0.006  0.222  0.03  0.111  0.03  0.519  32.968  1.556  34.294  -1.556  3.111  -1.556  1.556  1.0  -2.094  
41.0  75.0  9.0  0.008  0.111  15.389  19.136  26.611  31.714  55.0  47.444  65.444  52.111  -22.667  31.333  -8.667  65.444  0.298  -2.357  
36.0  145.0  9.0  0.008  0.006  0.278  0.196  1.278  2.063  0.852  0.333  1.444  0.778  -1.556  1.778  -0.222  1.444  0.252  -2.531  
94.0  144.0  9.0  0.008  0.006  0.444  0.119  0.5  0.167  1.148  32.968  3.444  34.294  -3.444  6.889  -3.444  3.444  1.0  -2.094  
18.0  90.0  9.0  0.008  0.006  1.056  0.374  0.667  0.222  2.815  0.556  6.889  1.0  -6.778  12.222  -5.444  6.889  0.926  -2.164  
68.0  103.0  9.0  0.008  0.006  0.667  0.578  1.111  0.963  2.148  0.111  5.667  0.667  -6.111  10.556  -4.444  5.667  0.988  -2.185  
45.0  108.0  9.0  0.008  0.111  25.5  12.795  27.278  15.931  49.815  41.778  61.111  46.556  -24.111  33.889  -9.778  61.111  0.359  -2.36  
59.0  99.0  9.0  0.008  0.006  0.778  0.83  1.0  0.356  2.037  0.111  5.556  0.444  -5.778  10.556  -4.778  5.556  0.986  -2.15  
67.0  136.0  9.0  0.008  0.006  6.722  3.708  2.667  3.197  15.519  9.0  25.333  12.222  -19.556  29.444  -9.889  25.333  0.661  -2.308  
226.0  110.0  9.0  0.008  0.006  0.333  0.089  0.5  0.211  1.667  0.111  4.444  0.444  -4.667  8.333  -3.667  4.444  0.978  -2.156  
231.0  124.0  9.0  0.008  0.006  3.444  14.963  1.833  6.433  3.0  1.444  5.889  1.667  -4.667  8.667  -4.0  5.889  0.895  -2.119  
103.0  125.0  9.0  0.008  0.006  0.944  0.828  0.833  0.691  1.778  0.444  3.889  1.0  -4.0  6.333  -2.333  3.889  0.924  -2.238  
1.0  81.0  9.0  0.008  0.006  12.167  267.456  9.222  205.363  21.333  14.0  30.556  19.444  -22.0  27.667  -5.667  30.556  0.595  -2.438  
230.0  124.0  9.0  0.008  0.006  0.278  0.107  0.278  0.152  0.667  32.968  2.0  34.294  -2.0  4.0  -2.0  2.0  1.0  -2.094  
58.0  109.0  9.0  0.008  0.006  0.889  0.252  2.833  1.678  4.296  1.444  8.444  3.0  -8.556  12.444  -3.889  8.444  0.864  -2.284  
59.0  120.0  9.0  0.008  0.006  2.167  1.986  1.444  1.87  19.074  10.556  33.111  13.556  -25.556  42.111  -16.556  33.111  0.681  -2.231  
140.0  125.0  9.0  0.008  0.006  0.667  0.222  2.667  3.778  3.926  1.556  7.778  2.444  -7.111  11.556  -4.444  7.778  0.853  -2.234  
127.0  143.0  9.0  0.008  0.006  1.5  0.122  0.889  0.607  4.185  0.889  9.444  2.222  -9.889  15.778  -5.889  9.444  0.915  -2.257  
23.0  129.0  9.0  0.008  0.006  0.5  0.078  0.389  0.152  0.519  32.968  1.556  34.294  -1.556  3.111  -1.556  1.556  0.778  -2.094  
191.0  119.0  9.0  0.008  0.006  1.111  1.294  0.944  0.772  39.852  36.222  48.222  35.111  -10.889  25.111  -14.222  48.222  0.272  -2.006  
219.0  80.0  9.0  0.008  0.006  1.278  0.33  0.667  0.933  39.704  36.333  48.222  34.556  -10.111  25.556  -15.444  48.222  0.283  -1.963  
136.0  45.0  9.0  0.008  0.006  1.222  1.544  2.056  1.526  53.074  48.111  63.778  47.333  -14.889  32.111  -17.222  63.778  0.259  -2.046  
66.0  160.0  9.0  0.008  0.006  3.0  4.044  2.778  0.43  22.852  18.222  31.556  18.778  -13.889  26.111  -12.222  31.556  0.426  -2.139  
190.0  105.0  9.0  0.008  0.006  1.889  2.296  2.167  1.678  45.741  41.222  56.333  39.667  -13.556  31.778  -18.222  56.333  0.296  -1.996  
37.0  78.0  9.0  0.008  0.006  1.0  0.178  2.556  2.874  43.815  41.111  51.889  38.444  -8.111  24.222  -16.111  51.889  0.259  -1.886  
198.0  127.0  9.0  0.008  0.006  2.444  4.385  8.556  59.541  40.741  38.0  48.222  36.0  -8.222  22.444  -14.222  48.222  0.249  -1.908  
191.0  101.0  9.0  0.008  0.006  1.111  0.779  1.111  1.186  45.037  39.0  57.111  39.0  -18.111  36.222  -18.111  57.111  0.323  -2.094  
243.0  120.0  9.0  0.008  0.006  4.444  4.36  1.556  1.834  47.852  44.778  56.333  42.444  -9.222  25.444  -16.222  56.333  0.245  -1.911  
230.0  117.0  9.0  0.008  0.006  3.278  0.929  1.444  0.861  39.037  33.556  49.778  33.778  -16.444  32.222  -15.778  49.778  0.335  -2.106  
