110 19
151.0  89.0  9.0  0.008  0.006  8.389  4.577  0.722  0.39  31.704  27.333  41.0  26.778  -13.111  27.889  -14.778  41.0  0.351  -2.047  
176.0  100.0  9.0  0.008  0.006  1.944  0.774  1.444  0.652  55.37  50.333  66.889  48.889  -15.111  34.556  -19.444  66.889  0.269  -2.006  
118.0  126.0  9.0  0.008  0.006  0.667  0.4  1.833  2.122  20.556  16.111  28.667  16.889  -13.333  24.333  -11.0  28.667  0.437  -2.159  
42.0  57.0  9.0  0.008  0.006  1.389  0.976  1.0  0.365  65.704  59.444  79.444  58.222  -18.778  41.222  -22.444  79.444  0.267  -2.031  
217.0  148.0  9.0  0.008  0.006  2.056  2.552  1.056  0.507  29.074  21.444  41.556  24.222  -22.889  37.444  -14.556  41.556  0.484  -2.238  
14.0  146.0  9.0  0.111  0.006  0.889  0.474  1.111  0.741  10.593  8.0  15.667  8.111  -7.778  15.222  -7.444  15.667  0.488  -2.109  
22.0  87.0  9.0  0.008  0.006  1.889  1.259  1.167  0.624  64.037  55.778  80.333  56.0  -24.778  48.889  -24.111  80.333  0.31  -2.105  
130.0  32.0  9.0  0.008  0.006  1.111  1.047  0.833  0.837  59.481  54.222  70.889  53.333  -15.778  34.222  -18.444  70.889  0.249  -2.042  
162.0  159.0  9.0  0.008  0.006  2.167  0.96  2.222  1.456  26.111  25.222  29.556  23.556  -2.667  10.333  -7.667  29.556  0.203  -1.803  
150.0  158.0  9.0  0.008  0.006  2.167  1.633  1.389  0.419  8.444  7.0  12.222  6.111  -4.333  11.333  -7.0  12.222  0.503  -1.943  
